<!doctype html>
<html lang="en">
<head>
  <meta charset="utf-8">
  <title>Progetto</title>
  <base href="/">
  <meta name="viewport" content="width=device-width, initial-scale=1">
  <link rel="icon" type="image/x-icon" href="favicon.ico">
</head>
<body>
  <div class="container-fluid p-0">
  <app-root></app-root>
  <script
      src="https://cdn.jsdelivr.net/npm/@popperjs/core@2.10.2/dist/umd/popper.min.js"
      integrity="sha384-7+zCNj/IqJ95wo16oMtfsKbZ9ccEh31eOz1HGyDuCQ6wgnyJNSYdrPa03rtR1zdB"
      crossorigin="anonymous"
    ></script>
    <script
      src="https://cdn.jsdelivr.net/npm/bootstrap@5.1.3/dist/js/bootstrap.min.js"
      integrity="sha384-QJHtvGhmr9XOIpI6YVutG+2QOK9T+ZnN4kzFN1RtK3zEFEIsxhlmWl5/YESvpZ13"
      crossorigin="anonymous"
    ></script>
    <section>
      <div class="blob">
        <svg viewBox="0 0 500 500" xmlns="http://www.w3.org/2000/svg" xmlns:xlink="http://www.w3.org/1999/xlink" width="100%" id="blobSvg">
          <defs>
            <linearGradient id="gradient" x1="0%" y1="0%" x2="0%" y2="100%">
              <stop offset="0%" style="stop-color: rgb(0, 217, 255);"></stop>
              <stop offset="100%" style="stop-color: rgb(98, 0, 255);"></stop>
            </linearGradient>
          </defs>
          <path fill="url(#gradient)">
            <animate attributeName="d"
            dur="10000ms"
            repeatCount="indefinite"
            values="M420,305.5Q403,361,352.5,385Q302,409,248.5,413.5Q195,418,130,401Q65,384,47.5,317Q30,250,76.5,204Q123,158,163,131Q203,104,254,92Q305,80,348,114Q391,148,414,199Q437,250,420,305.5Z;
            
            M421,305Q402,360,363,418.5Q324,477,254,465.5Q184,454,155.5,396.5Q127,339,90,294.5Q53,250,60,183.5Q67,117,122,71.5Q177,26,247,35Q317,44,380.5,76.5Q444,109,442,179.5Q440,250,421,305Z;
  
            M422.5,319Q440,388,369.5,394.5Q299,401,239,434Q179,467,120.5,426.5Q62,386,56,318Q50,250,80.5,199.5Q111,149,156.5,126Q202,103,252.5,94.5Q303,86,352.5,113Q402,140,403.5,195Q405,250,422.5,319Z;
  
            M460,316Q432,382,372,411Q312,440,254.5,427Q197,414,136,395.5Q75,377,61.5,313.5Q48,250,67.5,191Q87,132,130.5,73.5Q174,15,241,43.5Q308,72,347,111.5Q386,151,437,200.5Q488,250,460,316Z;
            
            
            M420,305.5Q403,361,352.5,385Q302,409,248.5,413.5Q195,418,130,401Q65,384,47.5,317Q30,250,76.5,204Q123,158,163,131Q203,104,254,92Q305,80,348,114Q391,148,414,199Q437,250,420,305.5Z;"></animate>
          </path>
        </svg>
      </div>
      <div class="blob">
        <svg viewBox="0 0 500 500" xmlns="http://www.w3.org/2000/svg" xmlns:xlink="http://www.w3.org/1999/xlink" width="100%" id="blobSvg">
          <defs>
            <linearGradient id="gradient" x1="0%" y1="0%" x2="0%" y2="100%">
              <stop offset="0%" style="stop-color: rgb(0, 217, 255);"></stop>
              <stop offset="100%" style="stop-color: rgb(98, 0, 255);"></stop>
            </linearGradient>
          </defs>
          <path fill="url(#gradient)">
            <animate attributeName="d"
            dur="10000ms"
            repeatCount="indefinite"
            values="M420,305.5Q403,361,352.5,385Q302,409,248.5,413.5Q195,418,130,401Q65,384,47.5,317Q30,250,76.5,204Q123,158,163,131Q203,104,254,92Q305,80,348,114Q391,148,414,199Q437,250,420,305.5Z;
            
            M421,305Q402,360,363,418.5Q324,477,254,465.5Q184,454,155.5,396.5Q127,339,90,294.5Q53,250,60,183.5Q67,117,122,71.5Q177,26,247,35Q317,44,380.5,76.5Q444,109,442,179.5Q440,250,421,305Z;
  
            M422.5,319Q440,388,369.5,394.5Q299,401,239,434Q179,467,120.5,426.5Q62,386,56,318Q50,250,80.5,199.5Q111,149,156.5,126Q202,103,252.5,94.5Q303,86,352.5,113Q402,140,403.5,195Q405,250,422.5,319Z;
  
            M460,316Q432,382,372,411Q312,440,254.5,427Q197,414,136,395.5Q75,377,61.5,313.5Q48,250,67.5,191Q87,132,130.5,73.5Q174,15,241,43.5Q308,72,347,111.5Q386,151,437,200.5Q488,250,460,316Z;
            
            
            M420,305.5Q403,361,352.5,385Q302,409,248.5,413.5Q195,418,130,401Q65,384,47.5,317Q30,250,76.5,204Q123,158,163,131Q203,104,254,92Q305,80,348,114Q391,148,414,199Q437,250,420,305.5Z;"></animate>
          </path>
        </svg>
      </div>
    </section>
    <section>
      <div class="blob2">
        <svg viewBox="0 0 500 500" xmlns="http://www.w3.org/2000/svg" xmlns:xlink="http://www.w3.org/1999/xlink" width="100%" id="blobSvg">
          <defs>
            <linearGradient id="gradient2" x1="0%" y1="0%" x2="0%" y2="100%">
              <stop offset="0%" style="stop-color: rgb(255, 208, 0);"></stop>
              <stop offset="100%" style="stop-color: rgb(255, 0, 0);"></stop>
            </linearGradient>
          </defs>
          <path fill="url(#gradient2)">
            <animate attributeName="d"
            dur="10000ms"
            repeatCount="indefinite"
            values="M420,305.5Q403,361,352.5,385Q302,409,248.5,413.5Q195,418,130,401Q65,384,47.5,317Q30,250,76.5,204Q123,158,163,131Q203,104,254,92Q305,80,348,114Q391,148,414,199Q437,250,420,305.5Z;
            
            M421,305Q402,360,363,418.5Q324,477,254,465.5Q184,454,155.5,396.5Q127,339,90,294.5Q53,250,60,183.5Q67,117,122,71.5Q177,26,247,35Q317,44,380.5,76.5Q444,109,442,179.5Q440,250,421,305Z;
            
            M446,306Q404,362,355.5,394.5Q307,427,245,441Q183,455,142,406.5Q101,358,75,304Q49,250,71,193Q93,136,139.5,95Q186,54,255,38Q324,22,357.5,85Q391,148,439.5,199Q488,250,446,306Z;
  
            M460,316Q432,382,372,411Q312,440,254.5,427Q197,414,136,395.5Q75,377,61.5,313.5Q48,250,67.5,191Q87,132,130.5,73.5Q174,15,241,43.5Q308,72,347,111.5Q386,151,437,200.5Q488,250,460,316Z;
            
            
            M420,305.5Q403,361,352.5,385Q302,409,248.5,413.5Q195,418,130,401Q65,384,47.5,317Q30,250,76.5,204Q123,158,163,131Q203,104,254,92Q305,80,348,114Q391,148,414,199Q437,250,420,305.5Z;"></animate>
          </path>
        </svg>
          
        </svg>
      </div>
      <div class="blob2">
        <svg viewBox="0 0 500 500" xmlns="http://www.w3.org/2000/svg" xmlns:xlink="http://www.w3.org/1999/xlink" width="100%" id="blobSvg">
          <defs>
            <linearGradient id="gradient2" x1="0%" y1="0%" x2="0%" y2="100%">
              <stop offset="0%" style="stop-color: rgb(255, 95, 109);"></stop>
              <stop offset="100%" style="stop-color: rgb(255, 195, 113);"></stop>
            </linearGradient>
          </defs>
          <path fill="url(#gradient2)">
            <animate attributeName="d"
            dur="10000ms"
            repeatCount="indefinite"
            values="M420,305.5Q403,361,352.5,385Q302,409,248.5,413.5Q195,418,130,401Q65,384,47.5,317Q30,250,76.5,204Q123,158,163,131Q203,104,254,92Q305,80,348,114Q391,148,414,199Q437,250,420,305.5Z;
            
            M421,305Q402,360,363,418.5Q324,477,254,465.5Q184,454,155.5,396.5Q127,339,90,294.5Q53,250,60,183.5Q67,117,122,71.5Q177,26,247,35Q317,44,380.5,76.5Q444,109,442,179.5Q440,250,421,305Z;
            
            M446,306Q404,362,355.5,394.5Q307,427,245,441Q183,455,142,406.5Q101,358,75,304Q49,250,71,193Q93,136,139.5,95Q186,54,255,38Q324,22,357.5,85Q391,148,439.5,199Q488,250,446,306Z;
  
            M460,316Q432,382,372,411Q312,440,254.5,427Q197,414,136,395.5Q75,377,61.5,313.5Q48,250,67.5,191Q87,132,130.5,73.5Q174,15,241,43.5Q308,72,347,111.5Q386,151,437,200.5Q488,250,460,316Z;
            
            
            M420,305.5Q403,361,352.5,385Q302,409,248.5,413.5Q195,418,130,401Q65,384,47.5,317Q30,250,76.5,204Q123,158,163,131Q203,104,254,92Q305,80,348,114Q391,148,414,199Q437,250,420,305.5Z;"></animate>
          </path>
        </svg>
      </div>
    </section>
    <section>
      <div class="blob3">
        <svg viewBox="0 0 500 500" xmlns="http://www.w3.org/2000/svg" xmlns:xlink="http://www.w3.org/1999/xlink" width="100%" id="blobSvg">
          <defs>
            <linearGradient id="gradient3" x1="0%" y1="0%" x2="0%" y2="100%">
              <stop offset="0%" style="stop-color: rgb(255, 0, 0);"></stop>
              <stop offset="100%" style="stop-color: rgb(98, 0, 255);"></stop>
            </linearGradient>
          </defs>
          <path fill="url(#gradient3)">
            <animate attributeName="d"
            dur="10000ms"
            repeatCount="indefinite"
            values="M420,305.5Q403,361,352.5,385Q302,409,248.5,413.5Q195,418,130,401Q65,384,47.5,317Q30,250,76.5,204Q123,158,163,131Q203,104,254,92Q305,80,348,114Q391,148,414,199Q437,250,420,305.5Z;
            
            M446,306Q404,362,355.5,394.5Q307,427,245,441Q183,455,142,406.5Q101,358,75,304Q49,250,71,193Q93,136,139.5,95Q186,54,255,38Q324,22,357.5,85Q391,148,439.5,199Q488,250,446,306Z;

            M421,305Q402,360,363,418.5Q324,477,254,465.5Q184,454,155.5,396.5Q127,339,90,294.5Q53,250,60,183.5Q67,117,122,71.5Q177,26,247,35Q317,44,380.5,76.5Q444,109,442,179.5Q440,250,421,305Z;     
  
            M460,316Q432,382,372,411Q312,440,254.5,427Q197,414,136,395.5Q75,377,61.5,313.5Q48,250,67.5,191Q87,132,130.5,73.5Q174,15,241,43.5Q308,72,347,111.5Q386,151,437,200.5Q488,250,460,316Z;
            
            
            M420,305.5Q403,361,352.5,385Q302,409,248.5,413.5Q195,418,130,401Q65,384,47.5,317Q30,250,76.5,204Q123,158,163,131Q203,104,254,92Q305,80,348,114Q391,148,414,199Q437,250,420,305.5Z;"></animate>
          </path>
        </svg>
      </div>
      <div class="blob3">
        <svg viewBox="0 0 500 500" xmlns="http://www.w3.org/2000/svg" xmlns:xlink="http://www.w3.org/1999/xlink" width="100%" id="blobSvg">
          <defs>
            <linearGradient id="gradient3" x1="0%" y1="0%" x2="0%" y2="100%">
              <stop offset="0%" style="stop-color: rgb(255, 0, 0);"></stop>
              <stop offset="100%" style="stop-color: rgb(98, 0, 255);"></stop>
            </linearGradient>
          </defs>
          <path fill="url(#gradient3)">
            <animate attributeName="d"
            dur="10000ms"
            repeatCount="indefinite"
            values="M420,305.5Q403,361,352.5,385Q302,409,248.5,413.5Q195,418,130,401Q65,384,47.5,317Q30,250,76.5,204Q123,158,163,131Q203,104,254,92Q305,80,348,114Q391,148,414,199Q437,250,420,305.5Z;
            
            M446,306Q404,362,355.5,394.5Q307,427,245,441Q183,455,142,406.5Q101,358,75,304Q49,250,71,193Q93,136,139.5,95Q186,54,255,38Q324,22,357.5,85Q391,148,439.5,199Q488,250,446,306Z;

            M421,305Q402,360,363,418.5Q324,477,254,465.5Q184,454,155.5,396.5Q127,339,90,294.5Q53,250,60,183.5Q67,117,122,71.5Q177,26,247,35Q317,44,380.5,76.5Q444,109,442,179.5Q440,250,421,305Z;     
  
            M460,316Q432,382,372,411Q312,440,254.5,427Q197,414,136,395.5Q75,377,61.5,313.5Q48,250,67.5,191Q87,132,130.5,73.5Q174,15,241,43.5Q308,72,347,111.5Q386,151,437,200.5Q488,250,460,316Z;
            
            
            M420,305.5Q403,361,352.5,385Q302,409,248.5,413.5Q195,418,130,401Q65,384,47.5,317Q30,250,76.5,204Q123,158,163,131Q203,104,254,92Q305,80,348,114Q391,148,414,199Q437,250,420,305.5Z;"></animate>
          </path>
        </svg>
      </div>
    </section>
  </div>
</body>
</html>
